3243222634
7670759992
6533405290
4686409786
1365746679
1575209166
8318651578
12349909
696940746
3867513780
4745920487
686279312
3230651916
2755243749
1319442246
2855486857
5573249743
852675335
3162186092
1378098440
3733577359
5283481068
289590452
3595683747
8720462050
2567825433
3797738970
515910610
3786770894
794566372
6280835726
1503957025
8423738857
3663565513
6143814105
1935859805
522655595
1812490358
406680358
5181199558
1431685683
1396015478
1384724111
4385072274
402906915
3569508183
6587248184
1673518252
3110088007
2314735835
979861561
105065316
447640797
126618014
7145625678
6928605666
612526067
4642362654
1175806091
7809588291
5359468995
3586699574
6614456719
1723289106
941576344
2116938057
2734764731
32841222
1842367441
1958632037
2736271171
482776248
2296213062
6696706755
2586692191
1478151395
2799439742
3351594389
5821205167
2936524462
441528571
6466241474
3593831651
1343619848
3349132506
1718583617
2922852920
6100935275
2286425729
4313853934
6353277206
6355946775
1458002340
1382691720
9683593930
360590519
2931276083
8561613727
8218125164
6464205520
1564094710
3127764797
6858735931
854558997
8235359276
7017513363
5033809351
3610641754
6227500897
5614479848
2546151866
2230567814
5875658470
2844049008
1912353327
2120473759
566734788
5226907910
4080278256
7346274995
1236209110
6475323296
4934442903
3478254884
5800544242
2201154004
1011087289
655693551
4781401254
6071086949
864925016
3698389064
2849622699
1272015129
1918820092
191899985
2556595060
7118399245
1106086132
1178717302
6990220960
265326695
9488150214
7229708457
3750610262
27035747
940037426
616560185
1847167476
6500947983
4484677984
6487125990
1621277778
2680110493
321161160
6699500762
855857633
1901895887
1090679386
1758138200
50722651
1072291758
530423429
939537321
2829277829
7646266462
2784741868
5081939619
2837562689
6168258840
4385414951
627448808
3829153268
2892718413
311556457
4283401437
1903418731
4473250227
3760023183
2923888674
1473286870
2523335154
521702604
84808600
7381785386
3222069782
1542362059
3345173557
7494708483
4018724541
1927848927
5454405991
5782414860
5111311628
5369832410
6394490439
2074287714
3236573339
8039134455
1716376803
3785903394
3244472556
1256956634
7112329029
2072940896
109346601
1128572644
4277993338
1504650777
1697317948
827056371
7587076722
2132878682
7905675390
6012592915
5120565016
4407038249
6564275534
7512492536
2184012613
3302759196
1736973401
2971259407
415541368
6076757030
2183431399
6094127769
1502637864
998429816
786700584
586753001
27400967
2326722592
4247171470
3359167444
3649679935
4141549943
3792832160
3156810823
194990964
6333068019
1529833407
3320567249
4263361335
48228871
2231429987
2687374024
3864576682
1460301320
3991451700
8193720257
953016801
4969639970
1662149716
489343670
7726757628
2303557449
2420592149
3063440588
4508145692
544664836
4903609821
9563911277
1229425433
769838850
5184384425
2050535740
1680991249
3615530209
71765234
5894479089
3627821981
5993091421
7077469497
1955256417
4007923578
1518703718
2177340272
4407987567
1010791208
2692394141
2734149476
1736450753
6303604233
8897481702
1868984603
5891496373
4136552942
7550400441
8734337746
5393904308
2387841275
1108471032
760545377
3235753717
8810127985
147085750
4990183825
2769419230
593805081
968973117
8408490522
3585914474
584267592
359226961
2105767751
3545115052
1158060662
2055822309
195112335
3775299328
2222624569
112335702
2923206094
2206002881
112053501
2640574783
3089486189
4179861978
1570708501
8556066704
3573126802
1079291570
3191849233
2963826959
249747254
1130141588
2690817794
6629799652
6887058231
2313798210
6696241993
5026432490
401803454
4089910920
159170709
3712599809
2633524748
2561409380
4230553674
2680211725
9062521803
682235285
2364822591
3481658649
678043736
3488525755
4268175711
1221206350
4583434623
2492661332
7651520594
615076741
2691802227
1810265269
4356302164
6057061606
14393009
4191095109
360309711
2730964668
663765583
4758358363
8256781743
5019101419
4710218332
982627157
3395265479
255552053
4773470786
298654431
1764390891
1316167354
4442339492
1484821744
1996755000
6393256004
1385665953
557654592
371261497
1749097718
1085279825
1483219047
2223515631
2019601328
727967406
839104126
9056383693
2647640365
5476463833
6258146105
5850245526
3050344662
5025543963
2298129888
3174902570
2955297880
5906809564
3613398421
1115541367
1846287376
4447054618
5064878896
1037958661
4552124308
4675154106
4263142928
316485778
14912750
8996705021
2515608459
6390286233
6886222255
1214961383
224738703
1477858174
1851126075
3912326300
1327260523
4961573566
2022518899
3682631586
439211205
7605606641
1225160731
3352916438
7758950729
5088932711
3647990678
4472056597
1981764509
4294789336
3355811913
733811188
1645095499
1787818359
992300762
1724251548
138960998
4063523199
758220969
3009145859
6693188221
2729348495
5280066831
5150776411
7985815196
3708249292
3995364768
3575099000
4443985713
1660177615
6456746186
4821250079
170962912
637784703
531412559
3876693594
3712413816
2719832810
2337755840
1108445709
669984851
1172492317
4541681673
4951496817
348802649
4918875024
2907878780
6073023311
6685816824
2358752131
5309059059
2899520211
2396812265
3159472501
3869693618
5472252705
6516720719
746535678
196395524
4492677586
3351825223
5117362149
2740454598
1834097378
7549142657
1877768251
812492003
715552510
1584056221
5178835844
4050903775
2598889891
6419872558
96976938
4630193487
504998290
5156937766
3628783952
747292576
8394576326
2049597732
802623087
5311639028
2958179907
2630916968
2115605152
833939671
3147619791
1326535252
2976465168
5379766991
2942064542
2550539766
2383098286
3892961185
2278663192
5198773564
3382757780
7532322649
2318305395
2053517517
5262057135
2615840375
1236918855
974588731
4920197106
590396677
3933933803
3878744654
145753771
3589598374
2012042390
5159170202
2270390403
3986378641
7176485809
8045631534
6576407535
1394173700
4420462322
652503246
142167977
2157767546
3327834807
6170255257
2128231389
601445372
1317174195
2639722408
956820768
542145525
886522689
2235515194
374078945
6396172065
2641485034
3734825230
1177920762
5226709670
1925008285
226490841
1753120045
4389155487
5691855424
4553647243
6763877670
172023457
8358991693
1202589177
5342634166
3370547785
4653856961
8412084165
2083348273
621629438
3805924022
601242114
2923146481
7161056093
2891503220
273682683
241482428
1214647512
4122812742
2492095389
804909621
4921068652
2618586680
4320056170
843413528
993543884
1700250646
196084932
6478344185
342738875
2930299302
4356732862
1543777587
3566360154
2235107163
630814837
1172958411
4385081962
2087200421
3467179717
4735292893
7563909335
1041721160
3740676550
4140359580
2970277452
754531549
4725417379
455952739
6926957795
8044787481
833590971
1459672007
5097433706
175061770
3869365465
3033047543
2651967693
1165953704
5702149195
5991096180
2222808293
5083234597
1424564917
3859648374
340785711
9295013650
1590835449
2570832132
1394143448
2748846853
3780823916
555234868
463154162
6395495592
3773598925
1969738827
4298617882
5792777126
1741634638
5971310856
5099705315
946561686
3846901074
371860339
4261907502
1987840281
954953118
2188202786
565052113
2778352313
6282008451
6405326266
1107947602
4798597899
972771590
4015702037
2498691874
4982842528
619255895
8658162531
2001244477
592406596
1146041990
1068128523
5103513167
5457175075
456606335
5623246566
2932350524
1919085455
4012125996
1936049856
7536297442
6347485014
561994722
4017560887
3264179716
526942831
275114810
201751773
136777103
3651138823
3636904463
1572041445
4703750384
4366163731
1902085355
283395399
642628131
381169022
2820984467
4986912615
8295896727
4724480639
1111360362
6208551348
1926344156
5498922946
706000948
5772430328
944176378
3586671554
627767545
625347774
2851482511
581004929
3679802687
2541630217
2467804556
4378018291
961318907
1730892058
5553530275
612966793
9137940920
2448704601
1217170367
38566346
1751286412
4280804783
1444648430
2803640116
3038434211
6535505492
2537831080
2549778761
49897565
4041775666
11884894
1650912167
4294618717
1634480991
4571855770
820085327
2257115002
1359675298
6373407278
1115417075
1042224505
1945841329
3731808890
2203073422
7179397795
371692320
2151914473
376009358
120130812
8497144641
1382432612
7848448106
994435286
6119425945
3555439753
1995923549
3931306029
140266163
4126904986
6800876439
1844931350
7820999721
3948786054
4341489720
5653580419
8215222777
601182731
2601971350
2889505005
2510776781
3493329779
5052649643
6193294543
1907006461
4644895572
8620974155
5685456778
5106727292
1396763708
8277397119
4722245070
3984116428
2313492770
5248832036
2790160240
3228834261
7897347581
7824140074
5332810774
2262493130
4499069139
2705682612
2767293179
3365934413
2793833173
7348259308
2929813590
5217759347
603957565
3871127813
6592135380
6119288372
4911030084
700685156
225399460
1121539311
798982572
4279879114
1903096454
1691968873
2989201038
6483484793
88434999
1060027758
6444741373
4663451311
3270938275
21419665
1850171310
5963578463
2910511869
1380505996
1096609038
7274670050
1884260272
5196140268
1347112814
449043493
1120894014
9091176163
2367082362
695386807
508174779
612711896
687166448
1650395403
1680347796
2225130788
991066825
3695787362
4613276505
1739548976
1048939960
2502209895
741685685
2476209500
1453480951
6416023095
936836486
3997968840
2633136139
5725784664
8268532192
4449183025
2253148198
3386262155
2372636477
3956537652
2935591346
2885266332
4643079303
2056639637
7033590589
3698817108
1497628723
241368801
4019281690
465565282
7079199135
4721853704
3968689118
1756895261
1515942128
1412253844
2762399891
5720652610
557509785
3827836951
6680332512
344918415
7113823384
3197795908
1504123807
2471544078
1662630945
2760730896
1606917553
1173063772
2582892812
3577697149
1900670080
6170248531
4066878498
761255701
2880825035
4917750661
1014519576
584403265
2598655124
887030839
4036659838
2435236239
1762650042
889349421
245409003
338094577
2307290622
1378433217
3117986404
4363197883
1900372158
521180303
4188578681
6230891873
5124414716
58624927
4148820895
4741397674
4402311678
4523764954
3016209508
680821162
4396144246
8784849138
2968332398
1148967727
7567588616
6562152247
5018919354
5059021293
922343949
7847088646
2037840579
1303442476
3914397442
5072288674
1589898675
1631758042
2352410517
2074416057
2963913634
9251976903
1838697328
5798476969
2735858511
4935559429
2072038625
7122139549
292202822
7747773717
2801925149
331535551
3830800736
8133799546
2603306786
1157896723
2832707142
2934069914
2313540904
2879773095
3037426150
5804332293
7612503678
5595116472
3916727020
285861021
1066527944
1536613583
2328107766
8728520240
320316628
334323127
7485818660
3359148753
4892650017
4751083519
2769244461
5929867991
2613668215
3085410157
4062273312
54580687
3989257862
589498322
3188329885
2399779114
1788244477
32910471
6011108871
441524972
551235516
4396269581
2354880509
1490753260